0 0
1.000000000000000000e+05 5.053230000000000189e-11
3.344481605361137200e+16 6.165683212797508269e+35
6.688963210712274400e+16 9.614545350336476177e+36
1.003344481606341120e+17 4.718890838178689713e+37
1.337792642141454880e+17 1.436130800485662538e+38
1.672240802676568640e+17 3.345643621823410102e+38
2.006688963211682240e+17 6.536973250245587396e+38
2.341137123746796160e+17 1.120240119479835362e+39
2.675585284281909760e+17 1.716359013841320202e+39
3.010033444817024000e+17 2.338145635620344733e+39
3.344481605352136960e+17 2.642702187069849449e+39
3.678929765887251200e+17 4.695155169233276080e+38
4.013377926422364160e+17 7.100612492315746858e+38
4.347826086957478400e+17 1.037458330088035637e+39
4.682274247492592640e+17 1.472173088784022467e+39
5.016722408027705600e+17 2.037202754516862392e+39
5.351170568562819840e+17 2.758214782216335835e+39
5.685618729097932800e+17 3.663598971772071562e+39
6.020066889633047040e+17 4.784550506759338380e+39
6.354515050168160000e+17 6.155125779107897057e+39
6.688963210703274240e+17 7.812273862854559205e+39
7.023411371238387200e+17 9.795914139571220245e+39
7.357859531773501440e+17 1.214895284743181681e+40
7.692307692308615680e+17 1.491728299616210984e+40
8.026755852843728640e+17 1.814984286957477746e+40
8.361204013378842880e+17 2.190371768108127024e+40
8.695652173913955840e+17 2.622536016696914802e+40
9.030100334449070080e+17 3.117641918763980095e+40
9.364548494984184320e+17 3.681767920991595058e+40
9.698996655519297280e+17 4.321254308015212012e+40
1.003344481605441152e+18 5.042700449500384440e+40
1.036789297658952448e+18 5.852922006022361839e+40
1.070234113712463872e+18 6.758971801039341503e+40
1.103678929765975296e+18 7.767969967962694984e+40
1.137123745819486592e+18 8.887219705387733085e+40
1.170568561872998144e+18 1.012407580067232657e+41
1.204013377926509568e+18 1.148575363746195876e+41
1.237458193980020736e+18 1.297942805886696711e+41
1.270903010033532160e+18 1.461205491070678775e+41
1.304347826087043584e+18 1.639002976522221576e+41
1.337792642140555008e+18 1.831931909264735711e+41
1.371237458194066432e+18 2.041143449097550348e+41
1.404682274247577600e+18 2.265903068763140032e+41
1.438127090301089024e+18 2.507012122743113175e+41
1.471571906354600448e+18 2.764576905519073726e+41
1.505016722408111872e+18 3.038455419900382849e+41
1.538461538461623296e+18 3.328245426923830862e+41
1.571906354515134464e+18 3.633183567626204251e+41
1.605351170568645888e+18 3.952020897927238401e+41
1.638795986622157312e+18 4.282959465552681408e+41
1.672240802675668736e+18 4.623458789532631425e+41
1.705685618729180160e+18 4.969996260970765552e+41
1.739130434782691328e+18 5.317833424348681985e+41
1.772575250836202752e+18 5.660576900937285699e+41
1.806020066889714176e+18 5.989551396790078728e+41
1.839464882943225600e+18 6.292945820335146739e+41
1.872909698996737024e+18 6.554283032007257460e+41
1.906354515050248192e+18 6.752376493478629801e+41
1.939799331103759616e+18 6.846072931638857179e+41
1.973244147157271040e+18 6.776725756521299790e+41
2.006688963210782464e+18 6.421940653510326101e+41
2.040133779264293888e+18 5.396167204677990443e+41
2.073578595317805056e+18 2.548616669030557173e+41
2.107023411371316480e+18 2.746943353478743847e+41
2.140468227424827904e+18 2.957048409164388096e+41
2.173913043478339328e+18 3.179438697391840912e+41
2.207357859531850752e+18 3.414612585819962353e+41
2.240802675585361920e+18 3.663104274716311605e+41
2.274247491638873344e+18 3.925461457692930909e+41
2.307692307692384256e+18 4.202222962308342311e+41
2.341137123745895936e+18 4.495952107525768918e+41
2.374581939799407104e+18 4.803499012308408541e+41
2.408026755852918784e+18 5.127213498060954166e+41
2.441471571906429952e+18 5.467712770703129197e+41
2.474916387959941120e+18 5.825627025920554520e+41
2.508361204013452800e+18 6.201567208194842103e+41
2.541806020066963968e+18 6.596186722408924683e+41
2.575250836120475648e+18 7.010149282007631390e+41
2.608695652173986816e+18 7.444090540870544771e+41
2.642140468227497984e+18 7.898690573044496161e+41
2.675585284281009664e+18 8.374635859131500682e+41
2.709030100334520832e+18 8.872575638094752014e+41
2.742474916388032512e+18 9.393200508897477693e+41
2.775919732441543680e+18 9.937203790502871715e+41
2.809364548495054848e+18 1.050522108896444871e+42
2.842809364548566528e+18 1.109793629832905457e+42
2.876254180602077696e+18 1.171602211337926901e+42
2.909698996655589376e+18 1.236006873444955193e+42
2.943143812709100544e+18 1.303071266053656054e+42
2.976588628762611712e+18 1.372854679264362827e+42
3.010033444816123392e+18 1.445409847491793970e+42
3.043478260869634560e+18 1.520787917391463138e+42
3.076923076923146240e+18 1.599036703077088004e+42
3.110367892976657408e+18 1.681032265652343808e+42
3.143812709030168576e+18 1.765195895117231566e+42
3.177257525083680256e+18 1.852330241471752872e+42
3.210702341137191424e+18 1.942440751304532631e+42
3.244147157190703104e+18 2.035531223277782710e+42
3.277591973244214272e+18 2.131591921873105783e+42
3.311036789297725440e+18 2.230587065786153553e+42
3.344481605351237120e+18 2.332469130535322542e+42
3.377926421404748288e+18 2.437171535853052170e+42
3.411371237458259968e+18 2.544590021739344694e+42
3.444816053511771136e+18 2.654600678194197723e+42
3.478260869565282304e+18 2.767045956521959836e+42
3.511705685618793984e+18 2.881714772241027540e+42
3.545150501672305152e+18 2.998361965886514416e+42
3.578595317725816832e+18 3.116684491103907632e+42
3.612040133779328000e+18 3.236305320267787584e+42
3.645484949832839168e+18 3.356781628896549714e+42
3.678929765886350848e+18 3.477577024849726163e+42
3.712374581939862016e+18 3.598037579164104349e+42
3.745819397993373696e+18 3.717387648896543402e+42
3.779264214046884864e+18 3.834693682742690566e+42
3.812709030100396032e+18 3.948815550836326311e+42
3.846153846153907712e+18 4.058377989230965371e+42
3.879598662207418880e+18 4.161695233378108318e+42
3.913043478260930560e+18 4.259076691304512326e+42
3.946488294314441728e+18 4.343242322809504666e+42
3.979933110367952896e+18 4.413098791973353761e+42
4.013377926421464576e+18 4.464235332441542721e+42
4.046822742474975744e+18 4.490666959866241503e+42
4.080267558528487424e+18 4.483847982006639943e+42
4.113712374581998592e+18 4.430662631036643672e+42
4.147157190635509760e+18 4.308516119197030566e+42
4.180602006689021440e+18 4.069450094046248449e+42
4.214046822742532608e+18 3.542647003543596736e+42
4.247491638796044288e+18 2.130595696454981128e+42
4.280936454849555456e+18 2.208237718896455185e+42
4.314381270903066624e+18 2.288106735585421255e+42
4.347826086956578304e+18 2.370255026521880015e+42
4.381270903010089472e+18 2.454736300735929970e+42
4.414715719063601152e+18 2.541597658327907188e+42
4.448160535117112320e+18 2.630893290167374398e+42
4.481605351170623488e+18 2.722679976254333504e+42
4.515050167224135168e+18 2.817006178261026446e+42
4.548494983277646336e+18 2.913928550836280158e+42
4.581939799331158016e+18 3.013506113980097213e+42
4.615384615384669184e+18 3.115788601538628270e+42
4.648829431438181376e+18 3.220834871973417205e+42
4.682274247491692544e+18 3.328705479297834554e+42
4.715719063545203712e+18 3.439450973511884480e+42
4.749163879598714880e+18 3.553131534615566576e+42
4.782608695652226048e+18 3.669809135652358083e+42
4.816053511705738240e+18 3.789533472374772550e+42
4.849498327759249408e+18 3.912364875986815142e+42
4.882943143812760576e+18 4.038365067926617608e+42
4.916387959866271744e+18 4.167584513077122261e+42
4.949832775919782912e+18 4.300080921438329754e+42
4.983277591973295104e+18 4.435914678929975621e+42
5.016722408026806272e+18 4.577952561873122591e+42
5.050167224080317440e+18 4.720756728026971506e+42
5.083612040133828608e+18 4.867054637391522492e+42
5.117056856187339776e+18 5.016901588528649300e+42
5.150501672240851968e+18 5.170348575919961534e+42
5.183946488294363136e+18 5.327432819398224956e+42
5.217391304347874304e+18 5.488200459130668673e+42
5.250836120401385472e+18 5.652696819598899918e+42
5.284280936454896640e+18 5.820945397190874282e+42
5.317725752508408832e+18 5.992982513043725120e+42
5.351170568561920000e+18 6.168840459063795050e+42
5.384615384615431168e+18 6.348526758461791201e+42
5.418060200668942336e+18 6.532061671705940460e+42
5.451505016722453504e+18 6.719456694649086896e+42
5.484949832775965696e+18 6.910698885117321497e+42
5.518394648829476864e+18 7.105782431605618609e+42
5.551839464882988032e+18 7.304693743946758282e+42
5.585284280936499200e+18 7.507386519331375007e+42
5.618729096990010368e+18 7.713822154247764818e+42
5.652173913043522560e+18 7.923946988695933087e+42
5.685618729097033728e+18 8.137672695384897883e+42
5.719063545150544896e+18 8.354912365284563320e+42
5.752508361204056064e+18 8.575557302006973593e+42
5.785953177257567232e+18 8.799459334716003494e+42
5.819397993311079424e+18 9.026463434314672949e+42
5.852842809364590592e+18 9.256386520802967762e+42
5.886287625418101760e+18 9.488994911672531753e+42
5.919732441471612928e+18 9.724039576789586488e+42
5.953177257525124096e+18 9.961230273578883059e+42
5.986622073578636288e+18 1.020021272240831836e+43
6.020066889632147456e+18 1.044060360535146158e+43
6.053511705685658624e+18 1.068196348093674232e+43
6.086956521739169792e+18 1.092376615652202203e+43
6.120401337792680960e+18 1.117283883210730210e+43
6.153846153846193152e+18 1.141397870769259174e+43
6.187290969899704320e+18 1.165354138327787114e+43
6.220735785953215488e+18 1.189064450167250751e+43
6.254180602006726656e+18 1.212430085384641333e+43
6.287625418060237824e+18 1.235332124280961822e+43
6.321070234113750016e+18 1.257636602173937654e+43
6.354515050167261184e+18 1.279188801605374580e+43
6.387959866220772352e+18 1.299806319732463390e+43
6.421404682274283520e+18 1.319277148896341678e+43
6.454849498327794688e+18 1.337349394147175161e+43
6.488294314381306880e+18 1.353721284615401317e+43
6.521739130434818048e+18 1.368030610869579052e+43
6.555183946488329216e+18 1.379832483411382013e+43
6.588628762541840384e+18 1.388571900133786496e+43
6.622073578595351552e+18 1.393535562073581652e+43
6.655518394648863744e+18 1.393786022374579625e+43
6.688963210702374912e+18 1.388027541003335011e+43
6.722408026755886080e+18 1.375318985016703782e+43
6.755852842809397248e+18 1.350801407759166400e+43
6.789297658862908416e+18 1.309917572173862953e+43
6.822742474916420608e+18 1.239780355986529735e+43
6.856187290969931776e+18 1.069938554882545365e+43
6.889632107023442944e+18 7.636228457625573801e+42
6.923076923076954112e+18 7.802584533846309098e+42
6.956521739130465280e+18 7.971916786956677600e+42
6.989966555183977472e+18 8.149875086956683044e+42
7.023411371237488640e+18 8.325477267558690750e+42
7.056856187290999808e+18 8.504198539498488776e+42
7.090301003344510976e+18 8.686077298361365389e+42
7.123745819398022144e+18 8.871163852240963406e+42
7.157190635451534336e+18 9.059513769364714603e+42
7.190635451505045504e+18 9.251163069699163149e+42
7.224080267558556672e+18 9.446165333244312778e+42
7.257525083612067840e+18 9.644575520836286304e+42
7.290969899665579008e+18 9.846430258963375588e+42
7.324414715719091200e+18 1.005178383745836524e+43
7.357859531772602368e+18 1.026069125016739461e+43
7.391304347826113536e+18 1.047319142608712664e+43
7.424749163879624704e+18 1.068933288160552311e+43
7.458193979933135872e+18 1.090917526755869696e+43
7.491638795986648064e+18 1.113275381270920640e+43
7.525083612040159232e+18 1.136012442307709775e+43
7.558528428093670400e+18 1.159133099665569382e+43
7.591973244147181568e+18 1.182641963344498937e+43
7.625418060200692736e+18 1.206542723344498648e+43
7.658862876254204928e+18 1.230842109665569568e+43
7.692307692307716096e+18 1.255541672307710006e+43
7.725752508361227264e+18 1.280647426354532683e+43
7.759197324414738432e+18 1.306162999799348660e+43
7.792642140468249600e+18 1.332091709565234868e+43
7.826086956521761792e+18 1.358437965217409392e+43
7.859531772575272960e+18 1.385205725785971085e+43
7.892976588628784128e+18 1.412396582675602779e+43
7.926421404682295296e+18 1.440014335886304975e+43
7.959866220735806464e+18 1.468062825418077580e+43
7.993311036789318656e+18 1.496542291638814009e+43
8.026755852842829824e+18 1.525456191973261969e+43
8.060200668896340992e+18 1.554805868628780081e+43
8.093645484949852160e+18 1.584591571605368421e+43
8.127090301003363328e+18 1.614814883913060648e+43
8.160535117056875520e+18 1.645475747692325426e+43
8.193979933110386688e+18 1.677780217123763508e+43
8.227424749163897856e+18 1.709347411705702844e+43
8.260869565217409024e+18 1.741349988260886804e+43
8.294314381270920192e+18 1.773783459832792446e+43
8.327759197324432384e+18 1.806646775351188041e+43
8.361204013377943552e+18 1.839934013377943692e+43
8.394648829431454720e+18 1.873639486020083762e+43
8.428093645484965888e+18 1.907757974849514876e+43
8.461538461538477056e+18 1.942281400000016170e+43
8.494983277591989248e+18 1.977199691471588573e+43
8.528428093645500416e+18 2.012502879264230419e+43
8.561872909699011584e+18 2.048180033377942356e+43
8.595317725752522752e+18 2.084215023812724686e+43
8.628762541806033920e+18 2.120593910568576953e+43
8.662207357859546112e+18 2.157299793645500634e+43
8.695652173913057280e+18 2.194310483043493672e+43
8.729096989966568448e+18 2.231604068762557049e+43
8.762541806020079616e+18 2.269156680802689787e+43
8.795986622073590784e+18 2.306938322943157422e+43
8.829431438127102976e+18 2.344917965083626332e+43
8.862876254180614144e+18 2.383061389765900000e+43
8.896321070234125312e+18 2.421328480066903013e+43
8.929765886287636480e+18 2.459675119230782115e+43
8.963210702341147648e+18 2.498055800668908033e+43
8.996655518394659840e+18 2.536412346153859053e+43
9.030100334448171008e+18 2.574687981270915124e+43
9.063545150501682176e+18 2.612815850066900786e+43
9.096989966555193344e+18 2.650719492207368606e+43
9.130434782608704512e+18 2.688318876521749117e+43
9.163879598662216704e+18 2.725521474515060421e+43
9.197324414715727872e+18 2.762221892040143067e+43
9.230769230769238016e+18 2.798307516923084995e+43
9.264214046822750208e+18 2.833649328695660409e+43
9.297658862876262400e+18 2.868098900133787234e+43
9.331103678929772544e+18 2.901493745351176748e+43
9.364548494983284736e+18 2.933649945284287469e+43
9.397993311036794880e+18 2.964352706822747510e+43
9.431438127090307072e+18 2.995610986755857780e+43
9.464882943143819264e+18 3.022698795652179159e+43
9.498327759197329408e+18 3.047490159030103778e+43
9.531772575250841600e+18 3.069607220903013358e+43
9.565217391304351744e+18 3.088602829565219204e+43
9.598662207357863936e+18 3.103938700869566556e+43
9.632107023411376128e+18 3.114963786086957832e+43
9.665551839464886272e+18 3.120868395551839820e+43
9.698996655518398464e+18 3.120625697892975908e+43
9.732441471571908608e+18 3.112889150234112801e+43
9.765886287625420800e+18 3.095826527290968234e+43
9.799331103678932992e+18 3.066804276989963265e+43
9.832775919732443136e+18 3.021730032441468907e+43
9.866220735785955328e+18 2.955714660535111594e+43
9.899665551839465472e+18 2.848976274013375733e+43
9.933110367892977664e+18 2.649827503879588465e+43
9.966555183946489856e+18 1.864554698996656641e+43
1.000000000000000000e+19 1.891936999999999973e+43
