1.000000000000000000e+06 5.038664407740774451e-07
1.113839826482620556e+06 7.752404389437227635e-07
1.240639159058831865e+06 1.192832312797100293e-06
1.381873305653633550e+06 1.835945083909922632e-06
1.539185522990205325e+06 2.826095261652379690e-06
1.714406135851972038e+06 4.351124520190044282e-06
1.909573832878096728e+06 6.695435623735961130e-06
2.126959386668691877e+06 1.030557033692629747e-05
2.369092074182631914e+06 1.586407498962326133e-05
2.638789104828934651e+06 2.441423004753046731e-05
2.939188398646884132e+06 3.757931109577618164e-05
3.273785095948576927e+06 5.785280742761198154e-05
3.646472223212745041e+06 8.904620706910075859e-05
4.061585988376979716e+06 1.370427818303580295e-04
4.523956232538058423e+06 2.109480514078922392e-04
5.038962625065150671e+06 3.246826115492118438e-04
5.612597255954965949e+06 4.997235641794261444e-04
6.251534353689711541e+06 7.691201906698506580e-04
6.963207939763890579e+06 1.183760047975581904e-03
7.755898323389001191e+06 1.822063878635577557e-03
8.638828442740453407e+06 2.804394932302644357e-03
9.622271173675134778e+06 4.316684417486974130e-03
1.071766885445503332e+07 6.644111932175213175e-03
1.193776641714435816e+07 1.022625892609644628e-02
1.329675967466212623e+07 1.574071037497043815e-02
1.481046048880673945e+07 2.422716524194908419e-02
1.649648074098020606e+07 3.729010699994948774e-02
1.837443724610724673e+07 5.739851873169266039e-02
2.046617999391989782e+07 8.834445029469263633e-02
2.279604637318982184e+07 1.359768939741643479e-01
2.539114433680346981e+07 2.092973205481948318e-01
2.828166780230029300e+07 3.221467623243400302e-01
3.150124795755327865e+07 4.958491750377916896e-01
3.508734455902715027e+07 7.632001722310215452e-01
3.908168177536264062e+07 1.174687720286270665e+00
4.353073364731883258e+07 1.808069452959846446e+00
4.848626481239078194e+07 2.782960548774836340e+00
5.400593278542374074e+07 4.283501798924274517e+00
6.015395880274832249e+07 6.593098262591578163e+00
6.700187503509590030e+07 1.014788897630321074e+01
7.462935686310130358e+07 1.561949776500509479e+01
8.312514989890632033e+07 2.404127533263023864e+01
9.258810253973944485e+07 3.700403082628180584e+01
1.031283160672186911e+08 5.695653182102383738e+01
1.148684256737554818e+08 8.766596850779133376e+01
1.279450273207873404e+08 1.349346095669304475e+02
1.425102670302996337e+08 2.076884767975558361e+02
1.587336111010205448e+08 3.196724496962460194e+02
1.768038178457208574e+08 4.920359989829856886e+02
1.969311337907421887e+08 7.573329737290594039e+02
2.193497398905055523e+08 1.165673929667768107e+03
2.443204762186491787e+08 1.794192848450150677e+03
2.721338768375308514e+08 2.761589827287505614e+03
3.031135501567575932e+08 4.250607763825451912e+03
3.376199441111333370e+08 6.542469291846173292e+03
3.760545399658160210e+08 1.007007897634231449e+04
4.188645235435271263e+08 1.549971068444201410e+04
4.665479882234467864e+08 2.385688517403003789e+04
5.196597302486208081e+08 3.672023139060830727e+04
5.788177037701280117e+08 5.651923667789017782e+04
6.447102107323869467e+08 8.699356321695371298e+04
7.181039092537342310e+08 1.338991819403006812e+05
7.998527336796691418e+08 2.060958156900592148e+05
8.909078300934143066e+08 3.172196100335824885e+05
9.923286228832545280e+08 4.882594893088439712e+05
1.105295141126019716e+09 1.298824996043042280e+06
1.231121748203891993e+09 2.249196404306102544e+06
1.371272434398400784e+09 3.307757928779833484e+06
1.527377850390712500e+09 4.486825913520831615e+06
1.701254279852585793e+09 5.800118793055952527e+06
1.894924771873815775e+09 7.262916706118210219e+06
2.110642679101554871e+09 1.167783339015732519e+07
2.350917875457284451e+09 1.954197809532929957e+07
2.618545958474237919e+09 2.830137566917260364e+07
2.916640776023706913e+09 3.805794154291415960e+07
3.248670655878374577e+09 6.269869707151855528e+07
3.618498759642742634e+09 9.528739483307901025e+07
4.030428030568042278e+09 1.345582670303675830e+08
4.489251258218607903e+09 2.198095039030760527e+08
5.000306842491089821e+09 3.148122354306439757e+08
5.569540905800124168e+09 5.071401453285560608e+08
6.203576476104281425e+09 7.658506517091598511e+08
6.909790545715644836e+09 1.158791479247049570e+09
7.696399902471150398e+09 1.803355195669004679e+09
8.572556731909307480e+09 2.773138472558883667e+09
9.548455102782264709e+09 4.253420142178359032e+09
1.063544957486011124e+10 6.520323382389743805e+09
1.184618730902682304e+10 9.969223006521062851e+09
1.319475521676708603e+10 1.534786965481981468e+10
1.469684386112447548e+10 2.362771216284188080e+10
1.636993001611701965e+10 3.634970842175669861e+10
1.823348000868438721e+10 5.583866587963066864e+10
2.030917620904730606e+10 8.593345555315249634e+10
2.262116930469017029e+10 1.322138717521362915e+11
2.519635929317013550e+10 2.032532639848142395e+11
2.806470846309833145e+10 3.125180962480598755e+11
3.125959000482284164e+10 4.813703268496914673e+11
3.481817630688966370e+10 7.405741349874473877e+11
3.878187145610719299e+10 1.139820160722626709e+12
4.319679297334164429e+10 1.754112439702751465e+12
4.811430839003244781e+10 2.699235639571406738e+12
5.359163290848514557e+10 4.155614945520968750e+12
5.969249509970727539e+10 6.395325285815597656e+12
6.648787838417276764e+10 9.843415785107970703e+12
7.405684692262442017e+10 1.514660609644620117e+13
8.248746552614581299e+10 2.331718838472617578e+13
9.187782428863320923e+10 3.588429287736103906e+13
1.023371798632517090e+11 5.523548335418475000e+13
1.139872266616047821e+11 8.500723264615946875e+13
1.269635127659972839e+11 1.308428342495241250e+14
1.414170170289020996e+11 2.014034659737269375e+14
1.575159057091624451e+11 3.099934167971120000e+14
1.754474890833459778e+11 4.771315926460210000e+14
1.954204007974051514e+11 7.343867479207880000e+14
2.176670253153454590e+11 1.130345765609904000e+15
2.424462017082320862e+11 1.739807251665550250e+15
2.700462352420682068e+11 2.677828167925049000e+15
3.007882518043095703e+11 4.121704902364539500e+15
3.350299341977236328e+11 6.344007854947255000e+15
3.731696837732755737e+11 9.764648463586406000e+15
4.156512558225988159e+11 1.502963344124907600e+16
4.629689226627258301e+11 2.313322752977474800e+16
5.156732244854953003e+11 3.560647610003786400e+16
5.743773748826563721e+11 5.480493324143529600e+16
6.397643955748424072e+11 8.435482301300398400e+16
7.125950633568395996e+11 1.298377036554576480e+17
7.937167617217558594e+11 1.998441773206029120e+17
8.840733401525063477e+11 3.075968141705480960e+17
9.847160957933763428e+11 4.734488645052899840e+17
1.096816005273135742e+12 7.287252388017573120e+17
1.221677348996788086e+12 1.121643548167209088e+18
1.360752886424333252e+12 1.726416639944218368e+18
1.515660758900601318e+12 2.657275580652115968e+18
1.688203316700366211e+12 4.090038358726750720e+18
1.880388089340916504e+12 6.295327068632236032e+18
2.094451143151468750e+12 9.689674855161079808e+18
2.332883097864153320e+12 1.491420198140775834e+19
2.598458104929241699e+12 2.295571942819940352e+19
2.894266124716739746e+12 3.533310753116556902e+19
3.223748878149026855e+12 5.438418931993335398e+19
3.590739891061047852e+12 8.370734004362149888e+19
3.999509097203669434e+12 1.288411226295529964e+20
4.454812518844988281e+12 1.983103096062923899e+20
4.961947603002898438e+12 3.052362103387130429e+20
5.526814857144591797e+12 4.698150514291612058e+20
6.155986501483489258e+12 7.231322583969432863e+20
6.856782936641738281e+12 1.113034125880488231e+21
7.637357916378011719e+12 1.713165050991076704e+21
8.506793416364170898e+12 2.636877836291571974e+21
9.475205302806546875e+12 4.058641889010421596e+21
1.055386103036523047e+13 6.246998919904865812e+21
1.175531073878367578e+13 9.615283737300186431e+21
1.309353327353606836e+13 1.479969039638303080e+22
1.458409882943980273e+13 2.277945669570437054e+22
1.624435010958865430e+13 3.506177144575008493e+22
1.809360410738712891e+13 5.396650700112845079e+22
2.015337685941735156e+13 8.306437064319796511e+22
2.244763378413223828e+13 1.278512868998018132e+23
2.500306851906321484e+13 1.967865583504912391e+23
2.784941350080638672e+13 3.028905872850778241e+23
3.101978590138087109e+13 4.662038326729903597e+23
3.455107294592218359e+13 7.175727545115411711e+23
3.848436109487425000e+13 1.104475164815664492e+24
4.286541408420933594e+13 1.699987425305075084e+24
4.774520538566131250e+13 2.616588979459827524e+24
5.318051128214196875e+13 4.027401918489016616e+24
5.923457145875793750e+13 6.198897441219575554e+24
6.597782479539519531e+13 9.541214731738422696e+24
7.348872892180357812e+13 1.468563313744286232e+25
8.185467307069020312e+13 2.260380037775922577e+25
9.117299484984903125e+13 3.479125217177052530e+25
1.015521127634565000e+14 6.207195174034534599e+25
1.131127876593921406e+14 1.493781398836908727e+26
1.259895277795025938e+14 2.466232493361301565e+26
1.403321537605481875e+14 3.549387251749183353e+26
1.563075417945810938e+14 4.755848159885763355e+26
1.741015652304015312e+14 6.099652368462728892e+26
1.939212572065826875e+14 7.596435014970653050e+26
2.159972194782712812e+14 1.329049315973380261e+27
2.405863054644066875e+14 2.133673334969510316e+27
2.679746087325689375e+14 3.029895612671874295e+27
2.984807916924321250e+14 4.028143678957732602e+27
3.324597932270931250e+14 6.937453299504119316e+27
3.703069584005141250e+14 1.027153009040693064e+28
4.124626382901348125e+14 1.520234972767929586e+28
4.594173134636466875e+14 2.392356822868405317e+28
5.117173007114589375e+14 3.541909546683908052e+28
5.699711094326075000e+14 5.509280926294943638e+28
6.348565216305210000e+14 8.461984383551717825e+28
7.071284778942981250e+14 1.269298420796550027e+29
7.876278611187031250e+14 1.955950536332899644e+29
8.772912801613356250e+14 3.020225995485129630e+29
9.771619672696161250e+14 4.637140229206858121e+29
1.088401916069003250e+15 7.096575809068548718e+29
1.212305401337652750e+15 1.091828028061736657e+30
1.350314037869872250e+15 1.686456716654182575e+30
1.504033553638022000e+15 2.577127920159137774e+30
1.675252472408210250e+15 3.977469235970933816e+30
1.865962923181746000e+15 6.120899209399496813e+30
2.078383818579755250e+15 9.405794563993041465e+30
2.314986671851156000e+15 1.446291328966984220e+31
2.578524352884266000e+15 2.225849672896371602e+31
2.872063117797828000e+15 3.425221833346467032e+31
3.199018284775060500e+15 5.263683651812122515e+31
3.563193971228577000e+15 8.108413831835232288e+31
3.968827354637149500e+15 1.247380077054180590e+32
4.420637972028530000e+15 1.918844280298195607e+32
4.923882631706732000e+15 2.952396261434165832e+32
5.484416576121004000e+15 4.541857418728878504e+32
6.108761607505040000e+15 6.987203066216490484e+32
6.804181968927094000e+15 1.074920575803252997e+33
7.578768863625914000e+15 1.653913555276091773e+33
8.441534596012959000e+15 2.544406668822535543e+33
9.402517429670132000e+15 3.913254248538019864e+33
1.047289838236353200e+16 6.019745261546207024e+33
1.166513131698189000e+16 9.258551384303109937e+33
1.299308784200406600e+16 1.423759850836700804e+34
1.447221870741134400e+16 2.189449241631773069e+34
1.611973357388155400e+16 3.366356035133704951e+34
1.795480124687826800e+16 5.175366559789316293e+34
1.999877270535278800e+16 7.954897719763947203e+34
2.227542951999565600e+16 1.222596082368653086e+35
2.481126055137775600e+16 1.878600697067460064e+35
2.763577014736163200e+16 2.886021560358436301e+35
3.078182142565080000e+16 4.432495542446198088e+35
3.428601863556583200e+16 6.805720338599639514e+35
3.818913304781846400e+16 1.044614948470174224e+36
4.253657732750374400e+16 1.602779390007485338e+36
4.737893390963124800e+16 2.458067828608199071e+36
5.277254352483510400e+16 3.767801925325701874e+36
5.878016072274876000e+16 5.771835327586826819e+36
6.547168402004689600e+16 8.835354741922743996e+36
7.292496916841444800e+16 1.351315553277622856e+37
8.122673500479704000e+16 2.064602644179032445e+37
9.047357242349275200e+16 3.150405420458538118e+37
1.007730682094457600e+17 4.799798912170093791e+37
1.122450568085310400e+17 7.298674516134931639e+37
1.250230145991458560e+17 1.107167444268848144e+38
1.392556128874464800e+17 1.674402461662667965e+38
1.551084476952840640e+17 2.521953330398252871e+38
1.727659664669034560e+17 3.778047607094582134e+38
1.924336141115976000e+17 5.617738533228317489e+38
2.143402233514850240e+17 8.264236199994339833e+38
2.387406771860637120e+17 1.196106096691682042e+39
2.659188744512680000e+17 1.685149914574091784e+39
2.961910329772535040e+17 2.255554801388979512e+39
3.299093687770915200e+17 2.648502949156968179e+39
3.674661940736688000e+17 4.669282892516225602e+38
4.092984818452433920e+17 7.793876166443930791e+38
4.558929499981050240e+17 1.297961071974531611e+39
5.077917243205382400e+17 2.156669645194737713e+39
5.655986461065025280e+17 3.575155514369279679e+39
6.299862978380706560e+17 5.912585673566926509e+39
7.017038286703836160e+17 9.754803474659409347e+39
7.815856707684090880e+17 1.605466168176834128e+40
8.705612479099856640e+17 2.636341576469701091e+40
9.696657893145500160e+17 4.316505678192219647e+40
1.080052374516249600e+18 7.044177548229362597e+40
1.203005349423319296e+18 1.144281908543340129e+41
1.339955269659331584e+18 1.844941666045769506e+41
1.492495545051820032e+18 2.934027996677515211e+41
1.662400978926599936e+18 4.522477924419117779e+41
1.851648417912154112e+18 6.394082714192840612e+41
2.062439752514088448e+18 2.485093251704599596e+41
2.297227536071146496e+18 4.114041976194073528e+41
2.558743520168578560e+18 6.803378659687002962e+41
2.850030438518116864e+18 1.122921942488153928e+42
3.174477409109199872e+18 1.844973840048287871e+42
3.535859366535182848e+18 2.965774282873140117e+42
3.938380983288488960e+18 4.324011559391028615e+42
4.386725591048494080e+18 2.468739544905114780e+42
4.886109671160315904e+18 4.050460710544009660e+42
5.442343548300250112e+18 6.667736196930408531e+42
6.061898993497547776e+18 1.074258195318234419e+43
6.751984523072466944e+18 1.354334779696228985e+43
7.520629269592360960e+18 1.132961946018729100e+43
8.376776400682855424e+18 1.855576004689683766e+43
9.330387172620359680e+18 2.900790569167952514e+43
1.039255682936710963e+19 1.891936999999999973e+43
1.157564369553301094e+19 1.891936999999999973e+43
1.289341296525710336e+19 1.891936999999999973e+43
1.436119685999083110e+19 1.891936999999999973e+43
1.599607301861491098e+19 1.891936999999999973e+43
1.781706319545732506e+19 1.891936999999999973e+43
1.984535457805803110e+19 1.891936999999999973e+43
2.210454629971019366e+19 1.891936999999999973e+43
2.462092401494620570e+19 1.891936999999999973e+43
2.742376573264941056e+19 1.891936999999999973e+43
3.054568246515419546e+19 1.891936999999999973e+43
3.402299765678050509e+19 1.891936999999999973e+43
3.789616980644692787e+19 1.891936999999999973e+43
4.221026320156868608e+19 1.891936999999999973e+43
4.701547224022129869e+19 1.891936999999999973e+43
5.236770544204644352e+19 1.891936999999999973e+43
5.832923594286188134e+19 1.891936999999999973e+43
6.496942604146098176e+19 1.891936999999999973e+43
7.236553422869679309e+19 1.891936999999999973e+43
8.060361408861360947e+19 1.891936999999999973e+43
8.977951553033332326e+19 1.891936999999999973e+43
1.000000000000000000e+20 1.891936999999999973e+43
